{
 "cells": [
  {
   "cell_type": "code",
   "execution_count": 91,
   "outputs": [],
   "source": [
    "import numpy as np\n",
    "import pandas as pd\n",
    "import seaborn as sns\n",
    "import matplotlib.pyplot as plt\n",
    "from sklearn.model_selection import train_test_split\n",
    "from sklearn.linear_model import LinearRegression\n",
    "from sklearn.preprocessing import StandardScaler\n",
    "from sklearn import metrics\n",
    "from sklearn.ensemble import RandomForestRegressor\n",
    "from sklearn.svm import SVR"
   ],
   "metadata": {
    "collapsed": false,
    "ExecuteTime": {
     "end_time": "2023-07-01T14:33:52.758564600Z",
     "start_time": "2023-07-01T14:33:52.727257800Z"
    }
   }
  },
  {
   "cell_type": "markdown",
   "source": [
    "# **Reading Data**"
   ],
   "metadata": {
    "collapsed": false
   }
  },
  {
   "cell_type": "code",
   "execution_count": 96,
   "outputs": [
    {
     "data": {
      "text/plain": "        crim    zn  indus  chas    nox     rm   age     dis  rad  tax  \\\n0    0.00632  18.0   2.31     0  0.538  6.575  65.2  4.0900    1  296   \n1    0.02731   0.0   7.07     0  0.469  6.421  78.9  4.9671    2  242   \n2    0.02729   0.0   7.07     0  0.469  7.185  61.1  4.9671    2  242   \n3    0.03237   0.0   2.18     0  0.458  6.998  45.8  6.0622    3  222   \n4    0.06905   0.0   2.18     0  0.458  7.147  54.2  6.0622    3  222   \n..       ...   ...    ...   ...    ...    ...   ...     ...  ...  ...   \n501  0.06263   0.0  11.93     0  0.573  6.593  69.1  2.4786    1  273   \n502  0.04527   0.0  11.93     0  0.573  6.120  76.7  2.2875    1  273   \n503  0.06076   0.0  11.93     0  0.573  6.976  91.0  2.1675    1  273   \n504  0.10959   0.0  11.93     0  0.573  6.794  89.3  2.3889    1  273   \n505  0.04741   0.0  11.93     0  0.573  6.030  80.8  2.5050    1  273   \n\n     ptratio       b  lstat  medv  \n0       15.3  396.90   4.98  24.0  \n1       17.8  396.90   9.14  21.6  \n2       17.8  392.83   4.03  34.7  \n3       18.7  394.63   2.94  33.4  \n4       18.7  396.90   5.33  36.2  \n..       ...     ...    ...   ...  \n501     21.0  391.99   9.67  22.4  \n502     21.0  396.90   9.08  20.6  \n503     21.0  396.90   5.64  23.9  \n504     21.0  393.45   6.48  22.0  \n505     21.0  396.90   7.88  11.9  \n\n[506 rows x 14 columns]",
      "text/html": "<div>\n<style scoped>\n    .dataframe tbody tr th:only-of-type {\n        vertical-align: middle;\n    }\n\n    .dataframe tbody tr th {\n        vertical-align: top;\n    }\n\n    .dataframe thead th {\n        text-align: right;\n    }\n</style>\n<table border=\"1\" class=\"dataframe\">\n  <thead>\n    <tr style=\"text-align: right;\">\n      <th></th>\n      <th>crim</th>\n      <th>zn</th>\n      <th>indus</th>\n      <th>chas</th>\n      <th>nox</th>\n      <th>rm</th>\n      <th>age</th>\n      <th>dis</th>\n      <th>rad</th>\n      <th>tax</th>\n      <th>ptratio</th>\n      <th>b</th>\n      <th>lstat</th>\n      <th>medv</th>\n    </tr>\n  </thead>\n  <tbody>\n    <tr>\n      <th>0</th>\n      <td>0.00632</td>\n      <td>18.0</td>\n      <td>2.31</td>\n      <td>0</td>\n      <td>0.538</td>\n      <td>6.575</td>\n      <td>65.2</td>\n      <td>4.0900</td>\n      <td>1</td>\n      <td>296</td>\n      <td>15.3</td>\n      <td>396.90</td>\n      <td>4.98</td>\n      <td>24.0</td>\n    </tr>\n    <tr>\n      <th>1</th>\n      <td>0.02731</td>\n      <td>0.0</td>\n      <td>7.07</td>\n      <td>0</td>\n      <td>0.469</td>\n      <td>6.421</td>\n      <td>78.9</td>\n      <td>4.9671</td>\n      <td>2</td>\n      <td>242</td>\n      <td>17.8</td>\n      <td>396.90</td>\n      <td>9.14</td>\n      <td>21.6</td>\n    </tr>\n    <tr>\n      <th>2</th>\n      <td>0.02729</td>\n      <td>0.0</td>\n      <td>7.07</td>\n      <td>0</td>\n      <td>0.469</td>\n      <td>7.185</td>\n      <td>61.1</td>\n      <td>4.9671</td>\n      <td>2</td>\n      <td>242</td>\n      <td>17.8</td>\n      <td>392.83</td>\n      <td>4.03</td>\n      <td>34.7</td>\n    </tr>\n    <tr>\n      <th>3</th>\n      <td>0.03237</td>\n      <td>0.0</td>\n      <td>2.18</td>\n      <td>0</td>\n      <td>0.458</td>\n      <td>6.998</td>\n      <td>45.8</td>\n      <td>6.0622</td>\n      <td>3</td>\n      <td>222</td>\n      <td>18.7</td>\n      <td>394.63</td>\n      <td>2.94</td>\n      <td>33.4</td>\n    </tr>\n    <tr>\n      <th>4</th>\n      <td>0.06905</td>\n      <td>0.0</td>\n      <td>2.18</td>\n      <td>0</td>\n      <td>0.458</td>\n      <td>7.147</td>\n      <td>54.2</td>\n      <td>6.0622</td>\n      <td>3</td>\n      <td>222</td>\n      <td>18.7</td>\n      <td>396.90</td>\n      <td>5.33</td>\n      <td>36.2</td>\n    </tr>\n    <tr>\n      <th>...</th>\n      <td>...</td>\n      <td>...</td>\n      <td>...</td>\n      <td>...</td>\n      <td>...</td>\n      <td>...</td>\n      <td>...</td>\n      <td>...</td>\n      <td>...</td>\n      <td>...</td>\n      <td>...</td>\n      <td>...</td>\n      <td>...</td>\n      <td>...</td>\n    </tr>\n    <tr>\n      <th>501</th>\n      <td>0.06263</td>\n      <td>0.0</td>\n      <td>11.93</td>\n      <td>0</td>\n      <td>0.573</td>\n      <td>6.593</td>\n      <td>69.1</td>\n      <td>2.4786</td>\n      <td>1</td>\n      <td>273</td>\n      <td>21.0</td>\n      <td>391.99</td>\n      <td>9.67</td>\n      <td>22.4</td>\n    </tr>\n    <tr>\n      <th>502</th>\n      <td>0.04527</td>\n      <td>0.0</td>\n      <td>11.93</td>\n      <td>0</td>\n      <td>0.573</td>\n      <td>6.120</td>\n      <td>76.7</td>\n      <td>2.2875</td>\n      <td>1</td>\n      <td>273</td>\n      <td>21.0</td>\n      <td>396.90</td>\n      <td>9.08</td>\n      <td>20.6</td>\n    </tr>\n    <tr>\n      <th>503</th>\n      <td>0.06076</td>\n      <td>0.0</td>\n      <td>11.93</td>\n      <td>0</td>\n      <td>0.573</td>\n      <td>6.976</td>\n      <td>91.0</td>\n      <td>2.1675</td>\n      <td>1</td>\n      <td>273</td>\n      <td>21.0</td>\n      <td>396.90</td>\n      <td>5.64</td>\n      <td>23.9</td>\n    </tr>\n    <tr>\n      <th>504</th>\n      <td>0.10959</td>\n      <td>0.0</td>\n      <td>11.93</td>\n      <td>0</td>\n      <td>0.573</td>\n      <td>6.794</td>\n      <td>89.3</td>\n      <td>2.3889</td>\n      <td>1</td>\n      <td>273</td>\n      <td>21.0</td>\n      <td>393.45</td>\n      <td>6.48</td>\n      <td>22.0</td>\n    </tr>\n    <tr>\n      <th>505</th>\n      <td>0.04741</td>\n      <td>0.0</td>\n      <td>11.93</td>\n      <td>0</td>\n      <td>0.573</td>\n      <td>6.030</td>\n      <td>80.8</td>\n      <td>2.5050</td>\n      <td>1</td>\n      <td>273</td>\n      <td>21.0</td>\n      <td>396.90</td>\n      <td>7.88</td>\n      <td>11.9</td>\n    </tr>\n  </tbody>\n</table>\n<p>506 rows × 14 columns</p>\n</div>"
     },
     "execution_count": 96,
     "metadata": {},
     "output_type": "execute_result"
    }
   ],
   "source": [
    "dataset=pd.read_csv('BostonHousing.csv')\n",
    "dataset"
   ],
   "metadata": {
    "collapsed": false,
    "ExecuteTime": {
     "end_time": "2023-07-01T14:35:26.457111600Z",
     "start_time": "2023-07-01T14:35:26.410210800Z"
    }
   }
  },
  {
   "cell_type": "code",
   "execution_count": 98,
   "outputs": [
    {
     "name": "stdout",
     "output_type": "stream",
     "text": [
      "<class 'pandas.core.frame.DataFrame'>\n",
      "RangeIndex: 506 entries, 0 to 505\n",
      "Data columns (total 14 columns):\n",
      " #   Column   Non-Null Count  Dtype  \n",
      "---  ------   --------------  -----  \n",
      " 0   crim     506 non-null    float64\n",
      " 1   zn       506 non-null    float64\n",
      " 2   indus    506 non-null    float64\n",
      " 3   chas     506 non-null    int64  \n",
      " 4   nox      506 non-null    float64\n",
      " 5   rm       506 non-null    float64\n",
      " 6   age      506 non-null    float64\n",
      " 7   dis      506 non-null    float64\n",
      " 8   rad      506 non-null    int64  \n",
      " 9   tax      506 non-null    int64  \n",
      " 10  ptratio  506 non-null    float64\n",
      " 11  b        506 non-null    float64\n",
      " 12  lstat    506 non-null    float64\n",
      " 13  medv     506 non-null    float64\n",
      "dtypes: float64(11), int64(3)\n",
      "memory usage: 55.5 KB\n"
     ]
    }
   ],
   "source": [
    "dataset.info()"
   ],
   "metadata": {
    "collapsed": false,
    "ExecuteTime": {
     "end_time": "2023-07-01T14:35:34.955105400Z",
     "start_time": "2023-07-01T14:35:34.908232600Z"
    }
   }
  },
  {
   "cell_type": "code",
   "execution_count": 19,
   "outputs": [
    {
     "data": {
      "text/plain": "      crim    zn  indus  chas    nox     rm   age     dis  rad  tax  ptratio  \\\n0  0.00632  18.0   2.31     0  0.538  6.575  65.2  4.0900    1  296     15.3   \n1  0.02731   0.0   7.07     0  0.469  6.421  78.9  4.9671    2  242     17.8   \n2  0.02729   0.0   7.07     0  0.469  7.185  61.1  4.9671    2  242     17.8   \n3  0.03237   0.0   2.18     0  0.458  6.998  45.8  6.0622    3  222     18.7   \n4  0.06905   0.0   2.18     0  0.458  7.147  54.2  6.0622    3  222     18.7   \n\n        b  lstat  medv  \n0  396.90   4.98  24.0  \n1  396.90   9.14  21.6  \n2  392.83   4.03  34.7  \n3  394.63   2.94  33.4  \n4  396.90   5.33  36.2  ",
      "text/html": "<div>\n<style scoped>\n    .dataframe tbody tr th:only-of-type {\n        vertical-align: middle;\n    }\n\n    .dataframe tbody tr th {\n        vertical-align: top;\n    }\n\n    .dataframe thead th {\n        text-align: right;\n    }\n</style>\n<table border=\"1\" class=\"dataframe\">\n  <thead>\n    <tr style=\"text-align: right;\">\n      <th></th>\n      <th>crim</th>\n      <th>zn</th>\n      <th>indus</th>\n      <th>chas</th>\n      <th>nox</th>\n      <th>rm</th>\n      <th>age</th>\n      <th>dis</th>\n      <th>rad</th>\n      <th>tax</th>\n      <th>ptratio</th>\n      <th>b</th>\n      <th>lstat</th>\n      <th>medv</th>\n    </tr>\n  </thead>\n  <tbody>\n    <tr>\n      <th>0</th>\n      <td>0.00632</td>\n      <td>18.0</td>\n      <td>2.31</td>\n      <td>0</td>\n      <td>0.538</td>\n      <td>6.575</td>\n      <td>65.2</td>\n      <td>4.0900</td>\n      <td>1</td>\n      <td>296</td>\n      <td>15.3</td>\n      <td>396.90</td>\n      <td>4.98</td>\n      <td>24.0</td>\n    </tr>\n    <tr>\n      <th>1</th>\n      <td>0.02731</td>\n      <td>0.0</td>\n      <td>7.07</td>\n      <td>0</td>\n      <td>0.469</td>\n      <td>6.421</td>\n      <td>78.9</td>\n      <td>4.9671</td>\n      <td>2</td>\n      <td>242</td>\n      <td>17.8</td>\n      <td>396.90</td>\n      <td>9.14</td>\n      <td>21.6</td>\n    </tr>\n    <tr>\n      <th>2</th>\n      <td>0.02729</td>\n      <td>0.0</td>\n      <td>7.07</td>\n      <td>0</td>\n      <td>0.469</td>\n      <td>7.185</td>\n      <td>61.1</td>\n      <td>4.9671</td>\n      <td>2</td>\n      <td>242</td>\n      <td>17.8</td>\n      <td>392.83</td>\n      <td>4.03</td>\n      <td>34.7</td>\n    </tr>\n    <tr>\n      <th>3</th>\n      <td>0.03237</td>\n      <td>0.0</td>\n      <td>2.18</td>\n      <td>0</td>\n      <td>0.458</td>\n      <td>6.998</td>\n      <td>45.8</td>\n      <td>6.0622</td>\n      <td>3</td>\n      <td>222</td>\n      <td>18.7</td>\n      <td>394.63</td>\n      <td>2.94</td>\n      <td>33.4</td>\n    </tr>\n    <tr>\n      <th>4</th>\n      <td>0.06905</td>\n      <td>0.0</td>\n      <td>2.18</td>\n      <td>0</td>\n      <td>0.458</td>\n      <td>7.147</td>\n      <td>54.2</td>\n      <td>6.0622</td>\n      <td>3</td>\n      <td>222</td>\n      <td>18.7</td>\n      <td>396.90</td>\n      <td>5.33</td>\n      <td>36.2</td>\n    </tr>\n  </tbody>\n</table>\n</div>"
     },
     "execution_count": 19,
     "metadata": {},
     "output_type": "execute_result"
    }
   ],
   "source": [
    "dataset.head()"
   ],
   "metadata": {
    "collapsed": false,
    "ExecuteTime": {
     "end_time": "2023-07-01T12:49:53.300670400Z",
     "start_time": "2023-07-01T12:49:53.292299400Z"
    }
   }
  },
  {
   "cell_type": "markdown",
   "source": [
    "CRIM - per capita crime rate by town\n",
    "ZN - proportion of residential land zoned for lots over 25,000 sq.ft.\n",
    "INDUS - proportion of non-retail business acres per town.\n",
    "CHAS - Charles River dummy variable (1 if tract bounds river; 0 otherwise)\n",
    "NOX - nitric oxides concentration (parts per 10 million)\n",
    "RM - average number of rooms per dwelling\n",
    "AGE - proportion of owner-occupied units built prior to 1940\n",
    "DIS - weighted distances to five Boston employment centres\n",
    "RAD - index of accessibility to radial highways\n",
    "TAX - full-value property-tax rate per 10,000\n",
    "PTRATIO - pupil-teacher ratio by town\n",
    "B - 1000(Bk - 0.63)^2 where Bk is the proportion of blacks by town\n",
    "LSTAT - % lower status of the population\n",
    "MEDV - Median value of owner-occupied homes in $1000's"
   ],
   "metadata": {
    "collapsed": false
   }
  },
  {
   "cell_type": "code",
   "execution_count": 20,
   "outputs": [
    {
     "data": {
      "text/plain": "Index(['crim', 'zn', 'indus', 'chas', 'nox', 'rm', 'age', 'dis', 'rad', 'tax',\n       'ptratio', 'b', 'lstat', 'medv'],\n      dtype='object')"
     },
     "execution_count": 20,
     "metadata": {},
     "output_type": "execute_result"
    }
   ],
   "source": [
    "dataset.keys()"
   ],
   "metadata": {
    "collapsed": false,
    "ExecuteTime": {
     "end_time": "2023-07-01T12:49:58.433816500Z",
     "start_time": "2023-07-01T12:49:58.418171200Z"
    }
   }
  },
  {
   "cell_type": "code",
   "execution_count": 21,
   "outputs": [
    {
     "data": {
      "text/plain": "         count        mean         std        min         25%        50%  \\\ncrim     506.0    3.613524    8.601545    0.00632    0.082045    0.25651   \nzn       506.0   11.363636   23.322453    0.00000    0.000000    0.00000   \nindus    506.0   11.136779    6.860353    0.46000    5.190000    9.69000   \nchas     506.0    0.069170    0.253994    0.00000    0.000000    0.00000   \nnox      506.0    0.554695    0.115878    0.38500    0.449000    0.53800   \nrm       506.0    6.284634    0.702617    3.56100    5.885500    6.20850   \nage      506.0   68.574901   28.148861    2.90000   45.025000   77.50000   \ndis      506.0    3.795043    2.105710    1.12960    2.100175    3.20745   \nrad      506.0    9.549407    8.707259    1.00000    4.000000    5.00000   \ntax      506.0  408.237154  168.537116  187.00000  279.000000  330.00000   \nptratio  506.0   18.455534    2.164946   12.60000   17.400000   19.05000   \nb        506.0  356.674032   91.294864    0.32000  375.377500  391.44000   \nlstat    506.0   12.653063    7.141062    1.73000    6.950000   11.36000   \nmedv     506.0   22.532806    9.197104    5.00000   17.025000   21.20000   \n\n                75%       max  \ncrim       3.677083   88.9762  \nzn        12.500000  100.0000  \nindus     18.100000   27.7400  \nchas       0.000000    1.0000  \nnox        0.624000    0.8710  \nrm         6.623500    8.7800  \nage       94.075000  100.0000  \ndis        5.188425   12.1265  \nrad       24.000000   24.0000  \ntax      666.000000  711.0000  \nptratio   20.200000   22.0000  \nb        396.225000  396.9000  \nlstat     16.955000   37.9700  \nmedv      25.000000   50.0000  ",
      "text/html": "<div>\n<style scoped>\n    .dataframe tbody tr th:only-of-type {\n        vertical-align: middle;\n    }\n\n    .dataframe tbody tr th {\n        vertical-align: top;\n    }\n\n    .dataframe thead th {\n        text-align: right;\n    }\n</style>\n<table border=\"1\" class=\"dataframe\">\n  <thead>\n    <tr style=\"text-align: right;\">\n      <th></th>\n      <th>count</th>\n      <th>mean</th>\n      <th>std</th>\n      <th>min</th>\n      <th>25%</th>\n      <th>50%</th>\n      <th>75%</th>\n      <th>max</th>\n    </tr>\n  </thead>\n  <tbody>\n    <tr>\n      <th>crim</th>\n      <td>506.0</td>\n      <td>3.613524</td>\n      <td>8.601545</td>\n      <td>0.00632</td>\n      <td>0.082045</td>\n      <td>0.25651</td>\n      <td>3.677083</td>\n      <td>88.9762</td>\n    </tr>\n    <tr>\n      <th>zn</th>\n      <td>506.0</td>\n      <td>11.363636</td>\n      <td>23.322453</td>\n      <td>0.00000</td>\n      <td>0.000000</td>\n      <td>0.00000</td>\n      <td>12.500000</td>\n      <td>100.0000</td>\n    </tr>\n    <tr>\n      <th>indus</th>\n      <td>506.0</td>\n      <td>11.136779</td>\n      <td>6.860353</td>\n      <td>0.46000</td>\n      <td>5.190000</td>\n      <td>9.69000</td>\n      <td>18.100000</td>\n      <td>27.7400</td>\n    </tr>\n    <tr>\n      <th>chas</th>\n      <td>506.0</td>\n      <td>0.069170</td>\n      <td>0.253994</td>\n      <td>0.00000</td>\n      <td>0.000000</td>\n      <td>0.00000</td>\n      <td>0.000000</td>\n      <td>1.0000</td>\n    </tr>\n    <tr>\n      <th>nox</th>\n      <td>506.0</td>\n      <td>0.554695</td>\n      <td>0.115878</td>\n      <td>0.38500</td>\n      <td>0.449000</td>\n      <td>0.53800</td>\n      <td>0.624000</td>\n      <td>0.8710</td>\n    </tr>\n    <tr>\n      <th>rm</th>\n      <td>506.0</td>\n      <td>6.284634</td>\n      <td>0.702617</td>\n      <td>3.56100</td>\n      <td>5.885500</td>\n      <td>6.20850</td>\n      <td>6.623500</td>\n      <td>8.7800</td>\n    </tr>\n    <tr>\n      <th>age</th>\n      <td>506.0</td>\n      <td>68.574901</td>\n      <td>28.148861</td>\n      <td>2.90000</td>\n      <td>45.025000</td>\n      <td>77.50000</td>\n      <td>94.075000</td>\n      <td>100.0000</td>\n    </tr>\n    <tr>\n      <th>dis</th>\n      <td>506.0</td>\n      <td>3.795043</td>\n      <td>2.105710</td>\n      <td>1.12960</td>\n      <td>2.100175</td>\n      <td>3.20745</td>\n      <td>5.188425</td>\n      <td>12.1265</td>\n    </tr>\n    <tr>\n      <th>rad</th>\n      <td>506.0</td>\n      <td>9.549407</td>\n      <td>8.707259</td>\n      <td>1.00000</td>\n      <td>4.000000</td>\n      <td>5.00000</td>\n      <td>24.000000</td>\n      <td>24.0000</td>\n    </tr>\n    <tr>\n      <th>tax</th>\n      <td>506.0</td>\n      <td>408.237154</td>\n      <td>168.537116</td>\n      <td>187.00000</td>\n      <td>279.000000</td>\n      <td>330.00000</td>\n      <td>666.000000</td>\n      <td>711.0000</td>\n    </tr>\n    <tr>\n      <th>ptratio</th>\n      <td>506.0</td>\n      <td>18.455534</td>\n      <td>2.164946</td>\n      <td>12.60000</td>\n      <td>17.400000</td>\n      <td>19.05000</td>\n      <td>20.200000</td>\n      <td>22.0000</td>\n    </tr>\n    <tr>\n      <th>b</th>\n      <td>506.0</td>\n      <td>356.674032</td>\n      <td>91.294864</td>\n      <td>0.32000</td>\n      <td>375.377500</td>\n      <td>391.44000</td>\n      <td>396.225000</td>\n      <td>396.9000</td>\n    </tr>\n    <tr>\n      <th>lstat</th>\n      <td>506.0</td>\n      <td>12.653063</td>\n      <td>7.141062</td>\n      <td>1.73000</td>\n      <td>6.950000</td>\n      <td>11.36000</td>\n      <td>16.955000</td>\n      <td>37.9700</td>\n    </tr>\n    <tr>\n      <th>medv</th>\n      <td>506.0</td>\n      <td>22.532806</td>\n      <td>9.197104</td>\n      <td>5.00000</td>\n      <td>17.025000</td>\n      <td>21.20000</td>\n      <td>25.000000</td>\n      <td>50.0000</td>\n    </tr>\n  </tbody>\n</table>\n</div>"
     },
     "execution_count": 21,
     "metadata": {},
     "output_type": "execute_result"
    }
   ],
   "source": [
    "dataset.describe().T"
   ],
   "metadata": {
    "collapsed": false,
    "ExecuteTime": {
     "end_time": "2023-07-01T12:51:00.122211300Z",
     "start_time": "2023-07-01T12:50:59.993442800Z"
    }
   }
  },
  {
   "cell_type": "markdown",
   "source": [
    "# **Data Preprocessing**"
   ],
   "metadata": {
    "collapsed": false
   }
  },
  {
   "cell_type": "code",
   "execution_count": 22,
   "outputs": [
    {
     "data": {
      "text/plain": "crim       0\nzn         0\nindus      0\nchas       0\nnox        0\nrm         0\nage        0\ndis        0\nrad        0\ntax        0\nptratio    0\nb          0\nlstat      0\nmedv       0\ndtype: int64"
     },
     "execution_count": 22,
     "metadata": {},
     "output_type": "execute_result"
    }
   ],
   "source": [
    "dataset.isna().sum()"
   ],
   "metadata": {
    "collapsed": false,
    "ExecuteTime": {
     "end_time": "2023-07-01T12:51:01.078100200Z",
     "start_time": "2023-07-01T12:51:01.022132500Z"
    }
   }
  },
  {
   "cell_type": "code",
   "execution_count": 24,
   "outputs": [
    {
     "data": {
      "text/plain": "             crim        zn     indus      chas       nox        rm       age  \\\ncrim     1.000000 -0.200469  0.406583 -0.055892  0.420972 -0.219247  0.352734   \nzn      -0.200469  1.000000 -0.533828 -0.042697 -0.516604  0.311991 -0.569537   \nindus    0.406583 -0.533828  1.000000  0.062938  0.763651 -0.391676  0.644779   \nchas    -0.055892 -0.042697  0.062938  1.000000  0.091203  0.091251  0.086518   \nnox      0.420972 -0.516604  0.763651  0.091203  1.000000 -0.302188  0.731470   \nrm      -0.219247  0.311991 -0.391676  0.091251 -0.302188  1.000000 -0.240265   \nage      0.352734 -0.569537  0.644779  0.086518  0.731470 -0.240265  1.000000   \ndis     -0.379670  0.664408 -0.708027 -0.099176 -0.769230  0.205246 -0.747881   \nrad      0.625505 -0.311948  0.595129 -0.007368  0.611441 -0.209847  0.456022   \ntax      0.582764 -0.314563  0.720760 -0.035587  0.668023 -0.292048  0.506456   \nptratio  0.289946 -0.391679  0.383248 -0.121515  0.188933 -0.355501  0.261515   \nb       -0.385064  0.175520 -0.356977  0.048788 -0.380051  0.128069 -0.273534   \nlstat    0.455621 -0.412995  0.603800 -0.053929  0.590879 -0.613808  0.602339   \nmedv    -0.388305  0.360445 -0.483725  0.175260 -0.427321  0.695360 -0.376955   \n\n              dis       rad       tax   ptratio         b     lstat      medv  \ncrim    -0.379670  0.625505  0.582764  0.289946 -0.385064  0.455621 -0.388305  \nzn       0.664408 -0.311948 -0.314563 -0.391679  0.175520 -0.412995  0.360445  \nindus   -0.708027  0.595129  0.720760  0.383248 -0.356977  0.603800 -0.483725  \nchas    -0.099176 -0.007368 -0.035587 -0.121515  0.048788 -0.053929  0.175260  \nnox     -0.769230  0.611441  0.668023  0.188933 -0.380051  0.590879 -0.427321  \nrm       0.205246 -0.209847 -0.292048 -0.355501  0.128069 -0.613808  0.695360  \nage     -0.747881  0.456022  0.506456  0.261515 -0.273534  0.602339 -0.376955  \ndis      1.000000 -0.494588 -0.534432 -0.232471  0.291512 -0.496996  0.249929  \nrad     -0.494588  1.000000  0.910228  0.464741 -0.444413  0.488676 -0.381626  \ntax     -0.534432  0.910228  1.000000  0.460853 -0.441808  0.543993 -0.468536  \nptratio -0.232471  0.464741  0.460853  1.000000 -0.177383  0.374044 -0.507787  \nb        0.291512 -0.444413 -0.441808 -0.177383  1.000000 -0.366087  0.333461  \nlstat   -0.496996  0.488676  0.543993  0.374044 -0.366087  1.000000 -0.737663  \nmedv     0.249929 -0.381626 -0.468536 -0.507787  0.333461 -0.737663  1.000000  ",
      "text/html": "<div>\n<style scoped>\n    .dataframe tbody tr th:only-of-type {\n        vertical-align: middle;\n    }\n\n    .dataframe tbody tr th {\n        vertical-align: top;\n    }\n\n    .dataframe thead th {\n        text-align: right;\n    }\n</style>\n<table border=\"1\" class=\"dataframe\">\n  <thead>\n    <tr style=\"text-align: right;\">\n      <th></th>\n      <th>crim</th>\n      <th>zn</th>\n      <th>indus</th>\n      <th>chas</th>\n      <th>nox</th>\n      <th>rm</th>\n      <th>age</th>\n      <th>dis</th>\n      <th>rad</th>\n      <th>tax</th>\n      <th>ptratio</th>\n      <th>b</th>\n      <th>lstat</th>\n      <th>medv</th>\n    </tr>\n  </thead>\n  <tbody>\n    <tr>\n      <th>crim</th>\n      <td>1.000000</td>\n      <td>-0.200469</td>\n      <td>0.406583</td>\n      <td>-0.055892</td>\n      <td>0.420972</td>\n      <td>-0.219247</td>\n      <td>0.352734</td>\n      <td>-0.379670</td>\n      <td>0.625505</td>\n      <td>0.582764</td>\n      <td>0.289946</td>\n      <td>-0.385064</td>\n      <td>0.455621</td>\n      <td>-0.388305</td>\n    </tr>\n    <tr>\n      <th>zn</th>\n      <td>-0.200469</td>\n      <td>1.000000</td>\n      <td>-0.533828</td>\n      <td>-0.042697</td>\n      <td>-0.516604</td>\n      <td>0.311991</td>\n      <td>-0.569537</td>\n      <td>0.664408</td>\n      <td>-0.311948</td>\n      <td>-0.314563</td>\n      <td>-0.391679</td>\n      <td>0.175520</td>\n      <td>-0.412995</td>\n      <td>0.360445</td>\n    </tr>\n    <tr>\n      <th>indus</th>\n      <td>0.406583</td>\n      <td>-0.533828</td>\n      <td>1.000000</td>\n      <td>0.062938</td>\n      <td>0.763651</td>\n      <td>-0.391676</td>\n      <td>0.644779</td>\n      <td>-0.708027</td>\n      <td>0.595129</td>\n      <td>0.720760</td>\n      <td>0.383248</td>\n      <td>-0.356977</td>\n      <td>0.603800</td>\n      <td>-0.483725</td>\n    </tr>\n    <tr>\n      <th>chas</th>\n      <td>-0.055892</td>\n      <td>-0.042697</td>\n      <td>0.062938</td>\n      <td>1.000000</td>\n      <td>0.091203</td>\n      <td>0.091251</td>\n      <td>0.086518</td>\n      <td>-0.099176</td>\n      <td>-0.007368</td>\n      <td>-0.035587</td>\n      <td>-0.121515</td>\n      <td>0.048788</td>\n      <td>-0.053929</td>\n      <td>0.175260</td>\n    </tr>\n    <tr>\n      <th>nox</th>\n      <td>0.420972</td>\n      <td>-0.516604</td>\n      <td>0.763651</td>\n      <td>0.091203</td>\n      <td>1.000000</td>\n      <td>-0.302188</td>\n      <td>0.731470</td>\n      <td>-0.769230</td>\n      <td>0.611441</td>\n      <td>0.668023</td>\n      <td>0.188933</td>\n      <td>-0.380051</td>\n      <td>0.590879</td>\n      <td>-0.427321</td>\n    </tr>\n    <tr>\n      <th>rm</th>\n      <td>-0.219247</td>\n      <td>0.311991</td>\n      <td>-0.391676</td>\n      <td>0.091251</td>\n      <td>-0.302188</td>\n      <td>1.000000</td>\n      <td>-0.240265</td>\n      <td>0.205246</td>\n      <td>-0.209847</td>\n      <td>-0.292048</td>\n      <td>-0.355501</td>\n      <td>0.128069</td>\n      <td>-0.613808</td>\n      <td>0.695360</td>\n    </tr>\n    <tr>\n      <th>age</th>\n      <td>0.352734</td>\n      <td>-0.569537</td>\n      <td>0.644779</td>\n      <td>0.086518</td>\n      <td>0.731470</td>\n      <td>-0.240265</td>\n      <td>1.000000</td>\n      <td>-0.747881</td>\n      <td>0.456022</td>\n      <td>0.506456</td>\n      <td>0.261515</td>\n      <td>-0.273534</td>\n      <td>0.602339</td>\n      <td>-0.376955</td>\n    </tr>\n    <tr>\n      <th>dis</th>\n      <td>-0.379670</td>\n      <td>0.664408</td>\n      <td>-0.708027</td>\n      <td>-0.099176</td>\n      <td>-0.769230</td>\n      <td>0.205246</td>\n      <td>-0.747881</td>\n      <td>1.000000</td>\n      <td>-0.494588</td>\n      <td>-0.534432</td>\n      <td>-0.232471</td>\n      <td>0.291512</td>\n      <td>-0.496996</td>\n      <td>0.249929</td>\n    </tr>\n    <tr>\n      <th>rad</th>\n      <td>0.625505</td>\n      <td>-0.311948</td>\n      <td>0.595129</td>\n      <td>-0.007368</td>\n      <td>0.611441</td>\n      <td>-0.209847</td>\n      <td>0.456022</td>\n      <td>-0.494588</td>\n      <td>1.000000</td>\n      <td>0.910228</td>\n      <td>0.464741</td>\n      <td>-0.444413</td>\n      <td>0.488676</td>\n      <td>-0.381626</td>\n    </tr>\n    <tr>\n      <th>tax</th>\n      <td>0.582764</td>\n      <td>-0.314563</td>\n      <td>0.720760</td>\n      <td>-0.035587</td>\n      <td>0.668023</td>\n      <td>-0.292048</td>\n      <td>0.506456</td>\n      <td>-0.534432</td>\n      <td>0.910228</td>\n      <td>1.000000</td>\n      <td>0.460853</td>\n      <td>-0.441808</td>\n      <td>0.543993</td>\n      <td>-0.468536</td>\n    </tr>\n    <tr>\n      <th>ptratio</th>\n      <td>0.289946</td>\n      <td>-0.391679</td>\n      <td>0.383248</td>\n      <td>-0.121515</td>\n      <td>0.188933</td>\n      <td>-0.355501</td>\n      <td>0.261515</td>\n      <td>-0.232471</td>\n      <td>0.464741</td>\n      <td>0.460853</td>\n      <td>1.000000</td>\n      <td>-0.177383</td>\n      <td>0.374044</td>\n      <td>-0.507787</td>\n    </tr>\n    <tr>\n      <th>b</th>\n      <td>-0.385064</td>\n      <td>0.175520</td>\n      <td>-0.356977</td>\n      <td>0.048788</td>\n      <td>-0.380051</td>\n      <td>0.128069</td>\n      <td>-0.273534</td>\n      <td>0.291512</td>\n      <td>-0.444413</td>\n      <td>-0.441808</td>\n      <td>-0.177383</td>\n      <td>1.000000</td>\n      <td>-0.366087</td>\n      <td>0.333461</td>\n    </tr>\n    <tr>\n      <th>lstat</th>\n      <td>0.455621</td>\n      <td>-0.412995</td>\n      <td>0.603800</td>\n      <td>-0.053929</td>\n      <td>0.590879</td>\n      <td>-0.613808</td>\n      <td>0.602339</td>\n      <td>-0.496996</td>\n      <td>0.488676</td>\n      <td>0.543993</td>\n      <td>0.374044</td>\n      <td>-0.366087</td>\n      <td>1.000000</td>\n      <td>-0.737663</td>\n    </tr>\n    <tr>\n      <th>medv</th>\n      <td>-0.388305</td>\n      <td>0.360445</td>\n      <td>-0.483725</td>\n      <td>0.175260</td>\n      <td>-0.427321</td>\n      <td>0.695360</td>\n      <td>-0.376955</td>\n      <td>0.249929</td>\n      <td>-0.381626</td>\n      <td>-0.468536</td>\n      <td>-0.507787</td>\n      <td>0.333461</td>\n      <td>-0.737663</td>\n      <td>1.000000</td>\n    </tr>\n  </tbody>\n</table>\n</div>"
     },
     "execution_count": 24,
     "metadata": {},
     "output_type": "execute_result"
    }
   ],
   "source": [
    "dataset.corr()"
   ],
   "metadata": {
    "collapsed": false,
    "ExecuteTime": {
     "end_time": "2023-07-01T12:53:13.405129100Z",
     "start_time": "2023-07-01T12:53:13.350073300Z"
    }
   }
  },
  {
   "cell_type": "code",
   "execution_count": 32,
   "outputs": [
    {
     "data": {
      "text/plain": "<Axes: >"
     },
     "execution_count": 32,
     "metadata": {},
     "output_type": "execute_result"
    },
    {
     "data": {
      "text/plain": "<Figure size 1500x1200 with 2 Axes>",
